每幅图像的定标误差：

第1幅图像的平均误差：0.0557829像素
第2幅图像的平均误差：0.0620507像素
第3幅图像的平均误差：0.0600984像素
第4幅图像的平均误差：0.0475647像素
第5幅图像的平均误差：0.0381699像素
第6幅图像的平均误差：0.0297141像素
第7幅图像的平均误差：0.0423302像素
第8幅图像的平均误差：0.0367054像素
第9幅图像的平均误差：0.0386281像素
第10幅图像的平均误差：0.0389416像素
第11幅图像的平均误差：0.0505267像素
第12幅图像的平均误差：0.0547189像素
第13幅图像的平均误差：0.0326088像素
第14幅图像的平均误差：0.0443032像素
第15幅图像的平均误差：0.0437427像素
第16幅图像的平均误差：0.0327588像素
第17幅图像的平均误差：0.0473745像素
第18幅图像的平均误差：0.0501945像素
第19幅图像的平均误差：0.0464244像素
第20幅图像的平均误差：0.0428048像素
第21幅图像的平均误差：0.0258987像素
第22幅图像的平均误差：0.0757443像素
第23幅图像的平均误差：0.0561063像素
第24幅图像的平均误差：0.0561863像素
总体平均误差：0.0462241像素

相机内参数矩阵：
[398.0076168450072, 0, 988.7798610214115;
 0, 398.2867847153825, 761.4992762740296;
 0, 0, 1]
畸变系数：
[-0.0261148, 0.0057841, -0.0135237, 0.00562392]
第1幅图像的旋转向量：
[0.525264, 2.91488, 0.0839145]
第1幅图像的旋转矩阵：
[-0.9217453872444297, 0.3409833771436773, 0.1847045684473156;
 0.3510445165277564, 0.9360565305324458, 0.02378905343544117;
 -0.1647822457348188, 0.08676697620208494, -0.9825061339917103]
第1幅图像的平移向量：
[15.3876, 0.499912, 176.426]
第2幅图像的旋转向量：
[-0.414504, -2.90681, 0.115024]
第2幅图像的旋转矩阵：
[-0.9400541087797044, 0.2683177670990783, -0.2104847938102902;
 0.2841107324961901, 0.9575795219198122, -0.04819285092523438;
 0.1886249300778503, -0.1051048764748255, -0.976408521416286]
第2幅图像的平移向量：
[-35.8965, -64.9467, 180.68]
第3幅图像的旋转向量：
[-0.579353, -2.92872, 0.286116]
第3幅图像的旋转矩阵：
[-0.915619727185937, 0.3618182941054371, -0.1752941449067302;
 0.388903538151835, 0.9076372101049845, -0.1579516788319269;
 0.1019536816448258, -0.2127961862521775, -0.9717629494457968]
第3幅图像的平移向量：
[-85.6798, -144.7, 220.75]
第4幅图像的旋转向量：
[0.901845, 2.89168, 0.0704377]
第4幅图像的旋转矩阵：
[-0.8171254166101651, 0.5637886645189945, 0.1202014779008678;
 0.5689724508136935, 0.8222823213132512, 0.01105143749700919;
 -0.09260887508615508, 0.07742173994156962, -0.9926880025666156]
第4幅图像的平移向量：
[-134.09, -197.997, 190.213]
第5幅图像的旋转向量：
[-0.605897, -2.86991, 0.0868421]
第5幅图像的旋转矩阵：
[-0.8942697275342604, 0.3934674520718723, -0.2132252765876237;
 0.4056399447666783, 0.9139130658914145, -0.01480348616513429;
 0.1890446762685634, -0.09973099895731521, -0.9768909039506357]
第5幅图像的平移向量：
[106.724, -67.9065, 189.233]
第6幅图像的旋转向量：
[-0.788459, -2.87673, -0.178286]
第6幅图像的旋转矩阵：
[-0.8498218567786677, 0.5141817631903979, -0.1158444048872071;
 0.4959429964807837, 0.8544938159904174, 0.154534341412505;
 0.1784470677341573, 0.07387443966994901, -0.9811723656832841]
第6幅图像的平移向量：
[68.0918, -168.611, 218.172]
第7幅图像的旋转向量：
[-0.982722, -2.95241, -0.161317]
第7幅图像的旋转矩阵：
[-0.8007527035239707, 0.5989382083596959, 0.008254112061831801;
 0.5962719593059425, 0.7957242049363219, 0.1062202439458223;
 0.05705136584258426, 0.08997784308003216, -0.994308367364049]
第7幅图像的平移向量：
[11.0592, -278.033, 222.974]
第8幅图像的旋转向量：
[0.824895, 2.99042, 0.0593473]
第8幅图像的旋转矩阵：
[-0.8579275347565771, 0.5115548945147145, 0.04766481935916053;
 0.5130432417485066, 0.8579531728834525, 0.02651386873696581;
 -0.02733088367919284, 0.04720109148374525, -0.9985114319626278]
第8幅图像的平移向量：
[-30.0075, -226.918, 221.272]
第9幅图像的旋转向量：
[-0.731042, -3.02713, -0.200235]
第9幅图像的旋转矩阵：
[-0.8900316910557596, 0.4557958259544072, 0.009682662803418292;
 0.4531000070766885, 0.8820187593294329, 0.1293958723378542;
 0.05043780827444704, 0.1195536416572456, -0.9915457398743445]
第9幅图像的平移向量：
[33.5313, -149.762, 174.589]
第10幅图像的旋转向量：
[-0.788151, -3.00158, 0.317384]
第10幅图像的旋转矩阵：
[-0.8721060558064148, 0.4838943443075255, -0.0726449652279396;
 0.488386346131235, 0.8516496938630354, -0.1901882642425128;
 -0.03016296302355151, -0.20134314612171, -0.9790562461735544]
第10幅图像的平移向量：
[66.4451, -105.043, 206.249]
第11幅图像的旋转向量：
[-0.652436, -2.87973, 0.509219]
第11幅图像的旋转矩阵：
[-0.8951360456092687, 0.391741134942886, -0.212768284865627;
 0.4409512326730644, 0.8482110556013779, -0.2934280415360829;
 0.06552457748895477, -0.3564784542567135, -0.9320030264948919]
第11幅图像的平移向量：
[97.8256, -60.8897, 186.309]
第12幅图像的旋转向量：
[-0.664452, -2.74558, -0.0244606]
第12幅图像的旋转矩阵：
[-0.8423894851560612, 0.4485329884625224, -0.2986605323094852;
 0.4431406339372086, 0.8919578957622259, 0.0896520537475386;
 0.3066045235351808, -0.05682667022007685, -0.9501391454410577]
第12幅图像的平移向量：
[26.323, -100.325, 157.406]
第13幅图像的旋转向量：
[0.98356, 2.91873, 0.476494]
第13幅图像的旋转矩阵：
[-0.8005329982262798, 0.5871812882240467, 0.11985430117602;
 0.5948123457271405, 0.7541026789954894, 0.2784374667719894;
 0.07311082082304803, 0.2941891981215065, -0.9529467580023583]
第13幅图像的平移向量：
[28.0923, -127.726, 236.945]
第14幅图像的旋转向量：
[-1.24811, -2.66647, -1.04065]
第14幅图像的旋转矩阵：
[-0.6803313983024653, 0.6888772770178295, 0.2501944957274502;
 0.6762401524136623, 0.458404036599271, 0.5766844852196402;
 0.2825746711001522, 0.5615281261326055, -0.7777131340119218]
第14幅图像的平移向量：
[-28.6936, -95.3324, 218.161]
第15幅图像的旋转向量：
[1.01237, 2.50611, -0.888586]
第15幅图像的旋转矩阵：
[-0.7086998982255434, 0.7043826428326173, 0.03986912002091383;
 0.5219393015753672, 0.5614832045180709, -0.6421183508630917;
 -0.4746828622629246, -0.4342599492472865, -0.7655680745391762]
第15幅图像的平移向量：
[45.1585, -27.0271, 334.381]
第16幅图像的旋转向量：
[-0.695778, -2.60544, -0.0388823]
第16幅图像的旋转矩阵：
[-0.7761567619752466, 0.4804145590072509, -0.4083901716912013;
 0.4680141100307342, 0.8729663056786893, 0.1374504345640313;
 0.4225440493631877, -0.08444927852604729, -0.902399493408651]
第16幅图像的平移向量：
[22.9657, -117.637, 304.461]
第17幅图像的旋转向量：
[1.54888, 1.62779, 0.834267]
第17幅图像的旋转矩阵：
[-0.0105937754545703, 0.5256348713029733, 0.8506443169691575;
 0.9974894395309502, 0.06512262313430439, -0.02781837486874589;
 -0.07001849716931147, 0.8482140213568825, -0.5250051276204235]
第17幅图像的平移向量：
[-177.107, -74.7726, 148.6]
第18幅图像的旋转向量：
[0.745385, 2.92653, 0.709318]
第18幅图像的旋转矩阵：
[-0.8837973863548289, 0.4441622203220178, 0.1470445575701073;
 0.4621973676623811, 0.7800506749750117, 0.4217754589790574;
 0.07263451795351213, 0.4407276557122823, -0.8946973568151505]
第18幅图像的平移向量：
[-76.4258, -57.9089, 196.696]
第19幅图像的旋转向量：
[0.799983, 2.57008, -0.228289]
第19幅图像的旋转矩阵：
[-0.7376202897028659, 0.5726439784406817, 0.3577641432204859;
 0.5006184923432836, 0.8193614117329414, -0.2793349281542474;
 -0.4530975980322539, -0.02693976463573894, -0.8910537670302353]
第19幅图像的平移向量：
[-13.9373, -151.356, 292.634]
第20幅图像的旋转向量：
[-1.24764, -2.53035, -1.24269]
第20幅图像的旋转矩阵：
[-0.6709701347106578, 0.6874946101670798, 0.2777593190472222;
 0.6401096702793367, 0.3479913662776454, 0.6849537349420733;
 0.3742441560548946, 0.6373799259369817, -0.6735637621423285]
第20幅图像的平移向量：
[-153.651, -135.264, 182.448]
第21幅图像的旋转向量：
[-0.67783, -2.55546, -0.0458249]
第21幅图像的旋转矩阵：
[-0.755377464146226, 0.4737294835907697, -0.4527529823610661;
 0.4571924291186406, 0.8759730569736429, 0.1537734899546998;
 0.4694464499989472, -0.09083820690146857, -0.8782758397851509]
第21幅图像的平移向量：
[80.3997, -142.307, 323.835]
第22幅图像的旋转向量：
[-0.31527, -2.83431, 0.132013]
第22幅图像的旋转矩阵：
[-0.9352766351392965, 0.2017223667229971, -0.290801826896235;
 0.2278795245213495, 0.9719177487011771, -0.05870955683326494;
 0.2707924261615138, -0.1211774588085891, -0.9549803586515556]
第22幅图像的平移向量：
[13.8394, -86.0258, 139.591]
第23幅图像的旋转向量：
[-0.326935, -3.09773, -0.210217]
第23幅图像的旋转矩阵：
[-0.9778783976043544, 0.2091065545354132, -0.005318679259789849;
 0.2064708653252023, 0.9690031586753813, 0.1356564051159968;
 0.0335204604771839, 0.131557315750442, -0.9907416673391385]
第23幅图像的平移向量：
[48.2046, 4.72182, 188.273]
第24幅图像的旋转向量：
[0.838069, 2.85012, 0.615603]
第24幅图像的旋转矩阵：
[-0.8420364138209433, 0.4956917819736836, 0.212754165842456;
 0.5393125910184787, 0.7657248751463307, 0.3504387888791284;
 0.01079847065561823, 0.409823221482006, -0.9121010471245005]
第24幅图像的平移向量：
[-60.7867, 7.10928, 356.795]

